Multiple size <= 100
OK
Multiple size <= 500
TEST 1 ARG:220 -24 48 72 219 -184 193 116 89 -230 -242 -142 235 225 -58 -127 -174 -204 -170 40 -79 -63 180 236 -136 -189 -140 -196 164 162 131 37 23 176 218 -92 102 -85 98 -65 -145 -250 239 201 94 65 -128 -23 234 -201 -213 1 226 149 -171 191 -29 165 200 -202 39 -235 -160 -244 141 -226 -177 -124 63 -22 133 54 71 -117 -31 -228 242 -118 209 38 20 -180 -86 -18 -96 -181 -153 -229 -122 -26 -73 -233 137 -109 -121 -76 80 215 173 57 119 -120 212 195 -67 -27 68 -106 -56 73 -183 59 -104 31 232 -108 -6 -211 -103 -100 172 113 8 -99 -113 22 223 83 -144 -192 127 187 -91 105 140 -232 -110 46 -20 92 -137 -8 66 -199 -129 229 206 21 74 134 52 -219 152 174 -81 -53 183 217 -25 114 237 -246 87 190 86 -5 -119 101 222 106 -164 56 2 -61 167 -198 178 144 163 -236 -36 49 75 -55 -95 -143 -126 -216 -203 -48 228 224 13 135 -57 154 -12 130 110 199 240 120 55 -84 -206 84 -83 238 -130 -50 34 70 170 -64 -193 -33 216 -149 221 -237 158 -208 -77 -178 -71 247 -223 81 -225 132 -182 125 -200 -152 62 3 -138 -30 11 -32 126 -115 129 -87 182 17 -241 -239 29 -165 -102 -88 4 78 188 122 -1 -135 153 47 197 -209 95 69 151 -172 12 -210 -41 243 -185 -249 168 -169 99 198 121 -17 77 -40 -247 115 -49 -215 208 186 -187 -195 104 -162 85 24 15 -38 -107 -116 -89 -28 10 207 -221 64 -45 142 -34 -147 -150 53 166 45 189 -54 -188 227 -157 -132 -186 76 -191 -37 -245 -4 14 -139 -19 -156 42 -60 -125 112 50 246 -82 -94 51 43 202 60 -16 88 -151 123 107 44 -112 -207 111 184 -43 16 0 61 -240 -72 196 -97 -231 5 -10 100 18 -70 -190 -248 -161 -69 -111 -154 211 214 205 150 161 231 128 -93 -75 -68 -173 25 -98 175 -212 -46 -47 244 58 97 33 -114 145 -51 -35 -175 108 -42 -167 7 -80 30 117 155 -9 -62 -123 27 156 -141 -218 96 -3 -179 210 -2 28 146 179 -11 160 -133 181 109 -134 147 -59 -197 -194 32 -158 103 192 -78 118 -66 230 157 -217 -105 -214 -220 148 241 -13 41 -101 36 143 185 35 6 90 -159 67 -155 -148 -243 79 136 204 213 -14 -238 249 169 -234 91 -168 159 248 -222 -74 -205 26 245 124 -131 -15 -146 -166 -90 -224 171 177 82 -52 9 139 93 203 19 194 -163 -227 -176 233 -7 -39 -44 -21 138
OK
OK
Multiple size <= 500
TEST 1 ARG:-180 -245 -42 142 40 243 168 -191 -210 133 -164 84 -96 102 134 -249 15 109 -226 185 -208 13 -128 91 111 -38 106 -50 -14 -198 -122 -168 12 -62 120 -92 129 221 -165 127 -16 -134 174 21 -181 -220 -54 213 -5 234 -169 179 193 -217 -79 -112 233 192 -26 88 -177 94 -212 -229 95 -91 14 -73 0 -107 -74 -24 -94 235 161 -60 73 137 -237 44 59 -248 -41 61 -214 -243 -83 200 10 -231 123 -109 164 -98 -75 173 -171 -201 -161 -143 116 -172 248 -69 -159 -8 -187 8 -110 46 154 82 183 206 -80 63 -99 5 37 114 -163 76 -189 83 87 29 172 -207 -2 160 -47 -64 -173 -61 240 199 -70 -184 -140 238 -223 28 -193 -65 201 -68 75 24 -84 7 136 -211 -59 112 -116 56 -108 4 147 -37 -209 108 -10 -133 -219 244 -31 47 -129 39 -120 165 -174 -155 -200 184 239 17 80 6 -45 -238 218 -33 -199 -156 -85 205 214 -142 -196 74 125 -222 -66 -131 -90 -216 -230 -32 -7 -244 72 135 -175 -151 171 209 -152 27 -185 -127 -106 216 -88 53 -72 -104 247 81 38 151 -123 -15 191 -176 65 -9 -167 19 203 122 -228 66 36 -224 -195 219 -132 42 232 33 70 143 97 9 225 195 155 -160 -234 117 -126 113 -197 -39 -3 -183 177 186 -182 198 -95 -78 166 -232 105 -246 126 26 153 245 16 178 -6 149 67 -102 93 163 131 -178 -192 31 194 50 -130 -103 -138 30 104 210 -158 90 -215 -53 51 -82 -162 -242 190 89 -67 -149 -28 121 -36 -186 -44 188 241 58 227 -22 -97 189 -34 -20 -206 22 98 -240 -89 -221 141 -51 -141 100 148 -114 204 -43 196 -87 96 -35 -235 118 -27 -144 35 86 128 -154 181 -49 212 11 48 -30 -11 115 -18 92 3 -213 -93 -147 49 139 242 -146 -29 -225 57 124 41 158 -124 -25 -148 103 -1 150 -113 156 -218 -250 237 -13 138 -170 71 -157 -63 -150 -71 32 197 -204 -52 -117 -190 -247 -81 79 -77 -17 -233 176 -23 130 -58 18 -57 224 60 -236 182 140 55 -239 -76 -188 -153 -125 -105 -40 220 69 228 62 170 -202 78 -48 99 144 222 -4 77 -55 -136 -166 119 -194 231 146 229 226 -101 -139 85 169 -121 -135 64 207 101 159 211 34 -118 25 249 223 45 -227 152 20 23 110 -12 -111 52 230 -119 -145 -86 175 208 54 -115 -46 132 236 167 -203 2 -56 -241 43 217 -100 157 -137 1 215 187 202 68 246 145 180 -179 162 -19 107 -205 -21
OK
OK
Multiple size <= 500
TEST 1 ARG:-4 132 -45 153 87 -168 -51 -147 238 -169 -91 -62 125 94 -13 -141 -68 -140 200 35 -58 146 -39 -101 -132 -166 202 88 38 105 190 57 229 34 96 -231 -109 192 92 122 89 114 -52 212 -116 -135 124 -80 201 -30 -232 -20 -243 224 135 -221 -63 173 -242 69 -31 223 11 6 149 -176 81 -186 -180 121 -201 -59 -215 205 -22 -70 -229 -95 78 -164 175 -125 -188 74 -29 -97 110 -214 227 -205 207 -71 -85 -98 111 37 -17 214 -150 -21 -89 -92 156 -203 181 7 -133 107 14 41 -217 -96 -113 -187 -171 145 198 -47 46 -234 -50 76 21 -79 -7 77 -157 233 20 -88 61 -5 -159 -26 232 0 32 199 -239 137 -145 -103 -114 164 -178 161 117 228 243 -226 -27 -154 143 71 -66 118 106 39 53 -42 -134 28 -40 -236 -174 -198 -220 -193 60 -184 -230 242 104 -195 160 -106 -93 59 209 102 235 2 -250 -210 -190 -194 -28 43 -191 -207 193 -152 240 144 225 -112 244 -81 -38 -142 126 -99 -182 42 15 203 169 123 -126 113 -219 -65 99 -41 -15 -124 -246 -160 -57 31 10 138 85 9 170 147 218 197 -209 -237 -189 -151 163 -75 179 -123 -11 52 -181 148 231 241 222 -9 162 -49 204 -72 -138 -244 246 120 150 -2 184 219 -173 119 133 157 65 213 176 -73 -170 220 30 -37 174 29 -90 -175 -86 128 196 -107 1 -204 16 109 -248 -224 -177 -208 -35 93 217 -16 -192 234 -161 -158 68 73 -46 136 -60 -110 -235 183 130 -240 -56 40 -143 -130 -222 49 -10 127 211 26 -43 155 -34 101 -104 64 70 75 -105 -12 116 134 178 5 -76 -213 -84 -218 -167 -67 -223 -146 -202 131 -247 -122 -249 13 -185 79 191 187 168 -136 36 230 239 171 84 -206 44 23 216 -241 8 226 -162 -87 -199 -120 -24 166 237 19 247 97 -172 80 -144 -48 167 245 -18 18 12 152 -245 -78 -137 177 67 -6 17 151 103 50 63 141 -127 55 -82 54 -61 -238 249 45 -1 208 66 -55 -227 -53 -19 98 165 83 51 -156 -111 186 112 -83 159 185 142 248 129 -3 139 -211 -25 215 58 -118 -128 -115 -139 -233 189 47 91 -131 22 27 -149 115 -44 82 -32 -23 206 33 -121 -163 221 95 -153 -54 3 -77 180 -64 -36 24 -228 -200 25 -102 -165 90 188 62 -14 210 4 -216 -33 -117 48 182 194 -179 -148 -108 236 -119 140 100 -196 72 86 -225 -94 -183 -129 -197 -8 -100 -155 195 -69 -212 108 154 172 158 56 -74
OK
